.Random.seed <-
c(403L, 10L, -1223775394L, 1318025385L, 1098521435L, 982124906L, 
-291308532L, 2139167823L, -1319138043L, 1439215036L, -1943091054L, 
1961208717L, -918418489L, -157757266L, 1831461128L, -2054340853L, 
-787101207L, -180662600L, 932862310L, 385620481L, 943756435L, 
679554882L, 2032836852L, 386112759L, 1863685357L, -1670862972L, 
1513265578L, 1582104341L, -35529297L, 1980294582L, -258507808L, 
-1564552413L, -241773503L, -347027664L, -545331890L, -971642951L, 
-1655529013L, 963445370L, -2105620612L, 242354111L, -269758315L, 
-711729492L, 286190722L, -2029691811L, -1842724009L, -1110737346L, 
-880364936L, 233267547L, 428912825L, -773873400L, -1541573706L, 
364933361L, 68962083L, 1278001522L, 1702941636L, -1097490553L, 
1372333405L, 1386634068L, 1606754682L, 1322331333L, -23753185L, 
1571424678L, -1806972112L, -1926067757L, 676491249L, 1968535840L, 
-2119997506L, 1735763913L, -170645637L, 1649343818L, -1133684308L, 
115741871L, 82685541L, 1108833820L, -1606768526L, 744263405L, 
351703847L, -2078339250L, -1190828120L, 1625150379L, -105475895L, 
-1319479080L, 600778118L, 1208949857L, 1561103859L, 1136872546L, 
-1017083180L, 2054331351L, -472550963L, -2141928092L, 2158922L, 
790419637L, -1561219057L, -1496946410L, -1151413312L, -941047933L, 
-1229476447L, -95284848L, -656819602L, -774292455L, -984956757L, 
-2098920294L, 1597002844L, -893521569L, -541379787L, 513562316L, 
-1442880478L, -240224643L, -2139837577L, -1391336290L, -739032232L, 
-216734021L, 315869273L, 1569389544L, 688283158L, 2116706705L, 
-144862653L, 2122223954L, 796796388L, 1468378151L, -1877378947L, 
-318003852L, 823347546L, -1228873819L, -1005502529L, -1997220794L, 
1939493584L, 1714109683L, -843982319L, 440482880L, -930516962L, 
1105522409L, 1753041947L, -1601567702L, -498084020L, -1824477937L, 
1012453445L, -293750276L, -127739822L, -1175576115L, -1431288953L, 
1228875374L, 1030743624L, 1764229195L, -375993943L, -1268128520L, 
-1790586842L, 897098049L, 1278615251L, -1798027646L, 1381289140L, 
1187673143L, -541378771L, -2123451324L, -1404946070L, -465955371L, 
-1069616273L, -1379538314L, -748057184L, -463046045L, 1144761089L, 
764691056L, -84197874L, -1430563207L, -865558005L, -1225991366L, 
-365723076L, -692240001L, -594720043L, -734639380L, 1741798466L, 
-615115875L, -297391593L, 791834494L, -647709384L, 257587739L, 
162620281L, -1220913720L, 1914604022L, 1008647217L, 2130165347L, 
1133724210L, 128143236L, -386835001L, -130173795L, -1823788012L, 
-1360440646L, -2018823419L, 1040402655L, -1389153946L, 1990423792L, 
-1379925997L, -1277254223L, 1231003744L, -256840194L, -522389111L, 
678416059L, -602142070L, 132052332L, 1345835759L, -230863579L, 
-1184441380L, -2137114190L, -1466779475L, -1600100249L, -1339834482L, 
1268672616L, -1126550421L, 1110040073L, 1458938008L, 1405438918L, 
-646119647L, 1375521715L, -1424039134L, 733918484L, -829491817L, 
-603665011L, 807160996L, -452333942L, -855989003L, 1492638543L, 
-229219242L, -1976834304L, 1839129155L, 976140769L, 514809168L, 
1326486446L, -1343844007L, 105893739L, -1735839220L, -1674102564L, 
149551698L, -1386016640L, -417117356L, -871438872L, -942211334L, 
-1774924976L, -686986196L, -1035237004L, -424184174L, 1943522912L, 
442967692L, 222230368L, -505373982L, 1350955176L, 1556331724L, 
-1566301700L, 334643122L, -898815504L, 821921220L, -1118364840L, 
671879034L, 1386173872L, 713594300L, -991263660L, -485537854L, 
-766089440L, -2142569540L, 1526077008L, -304961054L, 679777640L, 
-2087244468L, 289543420L, -2130650382L, -1176362240L, -404468108L, 
-1446538232L, -1807615558L, 1477587920L, 409609708L, 1934626708L, 
-1444462894L, 1957792352L, -151364276L, -1869946592L, 11828866L, 
133838312L, -1306414100L, -1475585476L, 55088754L, -335950992L, 
829010212L, 475308600L, 943241626L, -1439674928L, 1058831804L, 
-1554856812L, -2127157118L, -390210112L, -978231492L, 654512272L, 
1026403106L, -713057784L, -753194740L, -701163108L, -852555246L, 
-1264779392L, -1020499180L, -1234284248L, 989845562L, -1070244912L, 
-1474826644L, -1413836236L, 454297234L, 316058976L, -947484340L, 
-931232800L, -668438110L, 2001017256L, 753849996L, -610890308L, 
686522994L, -275117072L, -1876954556L, -306646952L, -240630726L, 
111457392L, 2113336380L, -1643432684L, -190154046L, 1683232480L, 
-1107776388L, 426564304L, -1097070174L, 1158929448L, -1186556148L, 
1744231868L, -699189454L, 253411008L, 1087496244L, 570162888L, 
-1749718854L, -836734320L, -329875732L, 288500308L, -650875246L, 
2093567264L, -356743732L, 1385684704L, 888947906L, -1907344344L, 
2025005996L, -1001337156L, -1163331598L, -299152848L, 91964324L, 
-599179848L, -840556710L, 283803792L, 835669884L, 225359124L, 
-1758316222L, 1889015040L, 995561916L, -1022036656L, -827997918L, 
-1796746680L, -121433076L, -833269156L, 206018002L, 1618619904L, 
-458761900L, 350919912L, 1974536442L, 1584810704L, -26829012L, 
1886008564L, -1606136430L, -401817248L, 530812940L, -2044684064L, 
-2127296926L, 869916840L, -1159286708L, -1101822084L, 540921138L, 
1052831344L, 1622402884L, -1282696232L, -1870919814L, 1747657776L, 
-1789564996L, 2070899284L, -1405376446L, 1440028320L, -617393476L, 
1348198352L, 2134802786L, -1003484440L, -2120299316L, 1124784636L, 
-1484688910L, 1914636416L, -1007436300L, 2119027336L, -2055362758L, 
1657557328L, 79392876L, 1464825236L, -263306158L, -1633414688L, 
-1132379956L, -1823012192L, 427149698L, 991186152L, 1653150444L, 
-1300788932L, 1279386738L, -500035984L, 959677988L, 204961848L, 
-1457707750L, 1706877136L, -1520607940L, 1294188436L, 1661833090L, 
946462656L, 496510524L, 4790672L, -116100062L, -755607288L, -1523764084L, 
355967772L, 1205676178L, 1796200832L, 872987668L, -453734616L, 
-967649734L, 1664131536L, -1902734996L, 1744467892L, -1322676718L, 
1539142624L, 1746286028L, 457888992L, 1850261538L, -645576920L, 
1643865612L, 294888252L, 461124594L, 1546996464L, 953190980L, 
810124888L, -313309382L, -1765235728L, -1764231492L, 1035482388L, 
1891406018L, 1240497248L, -948864644L, -561027120L, 1226811682L, 
-884949336L, 680430476L, 773532860L, 2104352562L, 620043926L, 
-1700719628L, -2139562619L, -1764560689L, 134765000L, -2147010458L, 
1600843411L, -1129267723L, 1924906962L, -254534624L, 1175199241L, 
1553196859L, -1167709556L, 1702752026L, 1184555407L, 1903320793L, 
-261594770L, -816861956L, -1036884371L, -271240681L, -2144000032L, 
-1080663106L, -235683445L, 123318797L, -2109141446L, -2075244936L, 
1508920865L, -917143341L, 630808564L, 1793374338L, 343060759L, 
2001192929L, 935104806L, 673837092L, 1121276629L, -2115920257L, 
938594072L, -1872888266L, 1862496451L, 1813392645L, -87026526L, 
1397205648L, 2075907641L, 126371563L, 784611292L, -1931953654L, 
-1375539969L, 710691145L, 1416624862L, -1468471156L, -411688867L, 
-495481241L, -840466544L, 1138660270L, -1762370981L, -641870275L, 
-1289148246L, -1369999032L, 774352241L, -1481471261L, 1902207460L, 
614763794L, -375414553L, -1604503887L, 911289590L, -805933292L, 
288712741L, -483537617L, 1896063720L, -1098375226L, -2102779277L, 
-14580523L, 51480242L, -983163264L, -999725463L, 718842587L, 
1070962220L, -2039908806L, 933572847L, 1599896441L, -53487602L, 
-387760676L, -1368379827L, -1313075785L, 270328640L, -354635234L, 
743199979L, 319806573L, -766075686L, -295525224L, 534471425L, 
642468019L, 231449556L, 342114018L, 1618214775L, 1574945473L, 
2007085638L, 1291730308L, 116253493L, 538738975L, -1597560712L, 
1675785558L, 143920099L, -320682587L, 87140418L, 115893808L, 
1009294937L, 1598396363L, 174065724L, 1101543018L, -59585377L, 
-544449239L, -1092867650L, -519419732L, 737963517L, -455076537L, 
-2074571216L, -1858955442L, 709020539L, 1187433693L, -1520304886L, 
1406306344L, 657431697L, 1013442691L, -1002501756L, -805931086L, 
54999303L, -1163101359L, 848169686L, -1459784780L, -183710779L, 
406113039L, 7428488L, 394968230L, -648909741L, 1651502517L, 840827666L, 
966185184L, 1114068297L, -1450276997L, -1638423988L, -1856590886L, 
1699103183L, 44210073L, 2146627502L, -1797475140L, -147305171L, 
